393
415
406
454
455
512
959
582
530
516
456
399
395
133
0
80
116
456
476
626
1146
1270
1448
1327
1022
775
779
718
754
358
373
386
317
264
513
589
335
103
127
371
390
406
448
473
653
678
735
767
770
1007
1026
586
708
500
540
531
549
542
774
683
1010
923
737
823
837
908
971
1010
1177
1221
1303
1423
1078
1120
1097
641
676
372
296
312
328
148
193
195
75
458
539
420
610
604
596
1041
1094
1123
1147
1040
1209
1708
1686
1799
2085
1796
1393
1295
1262
1169
1109
1056
1050
1016
543
534
495
326
152
129
31
0
145
287
361
364
370
452
455
527
650
738
711
795
728
822
849
876
1085
1149
660
667
626
202
143
77
121
70
32
36
128
181
785
1062
1095
1149
1165
1163
1009
846
769
733
673
741
581
565
516
643
803
971
989
975
888
826
816
804
799
690
630
622
563
529
459
381
177
170
110
0
114
194
169
21
21
81
89
275
533
579
519
377
321
203
241
453
715
798
916
1173
1182
1117
941
954
1012
1021
1402
1391
1350
1302
1126
1074
960
803
791
757
739
591
559
577
556
578
446
354
121
34
0
52
80
265
597
486
414
377
491
503
508
906
917
1005
1024
1044
1060
1184
1272
1353
1365
1542
1725
1686
1431
1012
756
442
454
665
537
510
565
1010
1113
1319
1374
1480
1197
1176
1179
1236
1320
1293
1329
1344
1402
1423
1560
1562
1778
1784
1820
2005
2143
2184
2185
2267
2332
2545
2583
2578
2539
2460
2331
2230
2137
2283
2033
1981
1862
1907
2142
2021
1711
1723
1360
1326
1267
1160
1095
1352
1498
1487
1437
1088
1125
993
956
984
1014
1082
1130
1219
1224
1235
1264
1328
1387
1451
1357
1240
1427
1524
1604
1621
1820
2039
2056
2388
2400
2448
2458
2525
2627
2714
2719
2805
2755
2660
2437
2477
2592
2616
2662
2695
2832
2902
2953
3048
3052
3118
3227
2797
2797
2826
2692
2612
2790
2712
2558
2802
2782
2698
2935
2640
2612
2941
2975
3034
3099
3100
3150
3162
3335
3369
3421
3476
3506
3532
3742
3681
3932
3880
3524
3526
3421
3470
3369
3412
2981
2923
3003
2607
2620
2439
2456
2504
2517
2567
2528
2515
2436
2415
1899
1738
1682
1977
2086
2014
1752
1745
1634
1633
1457
1401
1400
1017
743
731
718
841
884
516
701
784
895
898
939
1024
1076
1090
1197
1244
1473
1542
1598
1137
1167
1331
1454
1505
1631
1619
1560
1486
1237
1254
1482
1538
1604
1613
1684
1707
1853
1880
1636
2344
2408
2249
2268
2093
2219
1910
1826
1948
1872
1640
1625
1515
1330
1273
1006
139
383
438
496
451
663
144
220
510
664
557
661
662
749
709
743
647
610
523
445
523
474
917
698
625
660
535
521
503
562
761
1259
1490
1439
1394
1422
1604
1816
1542
1483
1437
1317
974
830
744
376
363
379
401
383
737
647
580
1088
1190
1164
1334
1558
1547
1264
1246
1156
1028
974
933
914
832
803
795
732
695
672
621
557
550
329
375
553
666
698
553
547
340
238
182
100
0
38
273
371
438
470
552
599
625
734
540
358
308
56
135
37
73
498
529
346
318
191
189
0
165
288
316
357
569
593
692
847
852
856
1097
1130
1240
1325
1355
1354
1427
1285
1192
917
855
840
870
670
746
980
1006
1140
1310
1325
1435
1471
1614
1632
1696
1819
1853
1999
2038
2089
2098
2108
2338
2159
2164
2178
2214
2312
2351
2395
2456
2634
2704
3074
3052
3122
3190
3144
3247
3323
3273
3176
3034
3059
2833
2783
2624
2446
2516
2322
2270
2274
2310
2522
2696
2469
2380
2340
2335
2036
2004
2060
1840
1889
1695
1713
1929
2140
2215
2220
2274
2371
2516
2522
2559
2590
2801
2849
3019
3225
3333
3484
3489
3532
3310
3250
3274
3265
3304
3109
3103
3076
3316
3173
3018
2933
2977
2797
2104
2293
2334
2242
1940
1925
1679
1879
1807
1749
1709
1612
1637
1616
1366
1467
1214
1042
948
823
879
819
1073
1054
863
889
827
1043
1119
1089
978
918
1307
1230
1283
1119
1040
948
961
883
976
700
536
558
735
750
555
543
582
643
832
1010
1000
872
824
805
665
655
352
508
491
261
117
107
156
62
108
271
406
414
290
174
146
165
228
348
341
339
448
504
499
576
809
584
374
218
121
13
0
74
115
50
75
176
356
361
777
1037
1084
1124
1048
768
631
736
300
363
199
199
219
105
117
70
136
55
555
507
898
1115
1180
1236
1372
1421
1389
833
856
829
855
881
1184
946
1334
1504
1579
1367
1363
1259
1170
1073
960
857
708
643
549
438
357
330
201
199
44
7
121
60
27
70
312
200
319
824
818
843
974
1143
1132
860
918
774
699
705
747
852
876
976
821
1263
1378
1468
1496
1543
1402
1565
1390
1532
2133
1995
2117
2211
2420
2443
2383
2470
2194
1855
1799
1696
1567
1405
1371
1252
1243
1194
831
802
785
665
613
573
584
735
739
932
1109
1076
1090
1071
1097
1053
1139
1144
1165
1401
1683
1692
1610
1454
1458
1356
1225
1329
1323
1302
1232
1175
1168
1104
1087
1095
1371
1577
1527
1481
1346
1326
1222
1170
1095
833
695
676
610
545
527
491
304
267
221
0
380
452
708
474
534
594
532
527
507
608
628
562
658
938
942
544
484
407
335
234
167
117
13
0
1
48
66
3
67
66
114
107
29
